=== Leilão SFI - Edital Único ===
8444409448290
8787720514251
1444405291720
8787717666089
8787707347274
8444421468522
8444432433563
8787716073769
8444430256257
8787721682298
8787718666554
8787721268882
1444419303793
8555500080340
8787718822491
8787707867014
8787718745373
8444431199150
8444431539538
8787715188449
=== Licitação Aberta ===
1444420668279
8444413401791
1444418687768
8444420610201
8555503402225
1444417355141
8787718962528
8444428938028
8444420812980
10290990
1444412653896
1444409984526
8787710889732
8787708845790
8444422415228
8787700220236
8787713982857
8787718257409
8787718706114
8444418154334
=== Venda Direta Online ===
8444410709396
8444427180415
1444420808895
8444419810626
8787711714227
8444402811314
8444423464516
8444426988184
8444433964503
8444403723729
8787716852440
8444434426670
8444425853897
8444428679626
8787710480770
8444401856543
8444425231349
8444428570454
8787714465899
8444423401018
=== Venda Online ===
8555509852575
8444431304409
8787716499774
8787707380158
8787700154608
8787700050403
8444428792597
8787702448307
1444415808696
8444421077850
1444419642563
8444410179435
8444412200423
1444421270287
8787702510320
8787708219237
8444429188685
8444419226797
1787701268374
8787712019484
